160
121
107
62
86
82
434
183
5
129
249
211
166
64
128
21
283
114
87
105
13
106
282
142
333
377
58
63
820
420
115
212
533
83
96
301
424
6
169
280
252
165
405
81
84
44
494
28
256
303
170
411
17
133
473
366
340
4
419
329
2
74
232
438
546
215
113
498
137
172
285
493
210
393
932
41
371
209
180
404
116
367
141
11
184
269
290
295
23
173
14
93
440
474
65
157
168
174
412
859
450
19
80
3
20
61
549
42
46
271
7
155
495
16
57
167
409
30
254
362
375
51
89
132
300
342
856
145
152
417
231
459
305
518
455
971
191
222
263
486
281
506
40
69
338
181
189
206
233
812
426
35
48
218
221
12
27
131
318
520
526
29
201
427
162
226
365
60
255
296
351
54
59
321
408
615
339
18
179
187
223
243
358
443
509
809
143
214
379
177
430
47
245
355
158
199
236
258
363
15
31
147
320
357
685
213
56
164
278
376
458
460
466
499
68
163
272
314
361
368
481
531
560
464
92
95
234
356
45
103
194
286
513
10
238
284
482
661
100
108
154
261
441
612
963
0
151
390
401
182
306
55
94
38
79
309
153
422
448
504
124
423
480
483
159
171
265
337
452
139
353
515
380
543
140
251
389
421
525
593
24
36
85
323
395
397
569
8
195
264
316
373
478
552
161
208
537
9
188
288
326
387
400
429
592
123
138
268
308
394
489
529
53
135
178
253
292
437
490
707
738
197
275
327
747
91
176
200
32
150
190
37
73
198
229
250
311
336
381
447
845
950
26
118
126
562
581
1
266
359
196
242
444
25
88
149
216
259
304
601
698
34
39
193
237
273
413
418
425
508
547
548
607
655
896
104
204
346
370
880
244
310
485
492
748
66
90
101
291
428
453
457
568
608
847
97
225
262
360
372
832
125
136
322
445
462
544
665
776
917
33
122
207
335
345
406
590
654
700
908
52
99
134
611
826
918
146
205
302
312
332
388
446
754
756
828
98
186
294
299
325
352
461
470
667
823
949
203
331
550
720
860
235
350
433
467
496
900
76
102
130
156
192
240
241
260
317
347
572
589
602
681
127
230
248
349
385
407
484
502
564
588
671
695
922
981
77
343
666
699
914
976
217
287
431
573
293
334
378
545
777
75
185
277
297
307
442
510
511
542
563
570
579
690
815
822
148
274
328
500
541
710
714
803
892
913
933
936
257
344
391
469
557
566
662
71
523
638
708
813
925
70
117
120
267
392
551
641
642
674
679
753
765
816
22
50
246
374
497
527
582
621
663
840
930
931
399
491
516
597
640
112
247
324
403
487
521
586
644
651
726
220
610
719
851
926
49
78
228
298
313
465
519
627
768
929
536
587
730
733
872
883
907
953
990
144
468
532
927
219
227
451
528
554
571
678
723
728
921
956
43
224
270
471
538
576
647
810
818
865
957
354
435
477
555
577
175
341
410
488
517
535
613
618
672
951
279
384
503
565
585
599
643
649
758
919
924
980
67
110
330
396
501
530
553
556
598
600
686
725
734
841
119
414
454
514
540
558
559
591
623
706
717
947
952
1001
505
619
664
789
833
974
72
319
369
624
783
786
804
886
937
987
239
276
364
575
635
652
656
694
696
806
877
905
909
955
1000
402
539
616
669
683
745
797
811
954
111
476
512
596
645
705
764
869
109
289
315
386
432
507
604
609
628
697
721
729
736
741
751
771
799
800
814
817
849
202
383
472
617
639
687
715
735
743
760
778
791
802
835
836
852
854
855
885
887
889
906
923
970
979
991
348
415
479
522
567
594
614
625
632
718
727
739
742
766
767
807
825
878
912
935
945
958
978
382
456
534
620
637
646
693
749
752
757
793
819
895
898
939
964
967
989
398
416
463
574
584
605
629
630
631
673
676
689
712
713
716
722
737
740
763
785
796
805
829
837
857
866
867
891
903
934
968
969
977
436
439
634
636
659
682
692
704
709
769
773
779
781
782
784
788
821
844
846
848
870
874
884
890
911
962
983
984
986
992
997
475
580
633
648
650
653
658
660
670
675
677
684
691
702
703
711
724
731
732
744
746
759
772
794
798
801
808
824
838
839
842
843
850
868
873
882
893
902
920
938
940
942
966
972
988
996
999
1003
449
524
561
578
583
595
603
606
622
626
657
668
680
688
701
750
755
761
762
770
774
775
780
787
790
792
795
827
830
831
834
853
858
861
862
863
864
871
875
876
879
881
888
894
897
899
901
904
910
915
916
928
941
943
944
946
948
959
960
961
965
973
975
982
985
993
994
995
998
1002
1004
